PID,SalePrice
527127150,237014.4553899998
527162130,192199.20757302918
527163010,164642.45989706303
527182190,242212.04235887484
527216070,454884.55967608583
527358140,209836.27315297723
527402200,145158.49930669356
527402250,145394.7235975472
527425090,76770.3829405847
528181050,236159.72036007815
528218150,173978.38720719123
528240070,207827.1975580515
528250100,167796.41548806947
528358010,262009.75507517482
528382030,224111.77256113384
528445060,233625.00548163732
531367050,220678.4955575588
531369060,196370.30588624586
532351140,141171.11868681014
532354090,148021.2446058339
532376160,132752.05916720256
532479070,202572.5428245388
533212060,161331.68610391743
533221090,167030.06478476035
533238045,272979.5580021384
533244030,223603.11822922097
533352170,185994.18936474205
534152050,211552.39065269794
534152070,194011.18615675965
534202160,140340.104649544
534251320,170509.30523561826
534276360,104396.54752185184
534425310,159228.18293349215
534427010,154613.11514554813
534431050,215154.49113130453
534431070,165499.29058627874
534479320,133693.56424431605
535106190,158277.62585673569
535152250,132885.79105842975
535302080,118658.71925388448
535350030,135942.99114159986
535350040,126149.31733993173
535454070,113216.08777754467
535457090,135393.68962939587
902102100,131620.32824510586
902104060,77244.82202763784
902110090,159590.85892424406
902125080,75759.15218369817
902206040,123666.04306097954
902207140,108893.00972869206
902402010,157645.60953801378
902402250,122380.28352528939
903206120,183016.2800417438
903226160,118709.23970576776
903425110,160672.12158160144
903430080,119890.47359490831
903450110,108246.39924247828
903454060,12061.454365457204
903476030,133665.75396623448
904100140,216126.36420149938
904302260,105482.20424790091
904352190,131202.3351208606
905105200,120809.12401252784
905106140,141682.41353400756
905109130,271379.7032076105
905109170,219157.59704918737
905325030,214369.18349351932
905352140,216692.12134116556
905451320,123278.26984188578
905475510,116536.35754663474
906201120,260874.06287396027
906223090,224670.12282656238
906380190,190551.28968336032
906385020,178786.02396821196
906402200,311015.10717744875
907200280,144367.9316097293
907203070,114054.26139549943
907250030,287167.78693287156
907290040,207040.46039372345
907290170,148066.70134943572
907414030,187641.2161715751
908102060,50976.1243449793
908102110,98496.96815890052
908103350,130871.83825703798
908226130,76318.98312685938
909100080,124812.91031979327
909101070,41056.482415082486
909250060,208229.92817719022
909428280,272268.57798470394
909452114,202183.3468483711
909455030,178202.4913598771
911204090,104206.29748374113
911370510,277179.05873777345
914478110,174350.64472007874
916386020,177351.76740075162
916386060,143768.18047009598
916386090,279921.821965936
923205015,164202.1413182959
923230190,105430.62307041489
527105070,182000.75772607836
527105130,258518.1153041508
527131030,290589.17524194147
527146010,259727.93539305884
527180100,188489.33672065169
527276160,201620.7194553519
527301320,272767.1092748012
527352150,206930.31759668238
527375180,165374.8196849837
527376100,150389.3072811481
527378140,188861.0837298687
527405180,102955.73850575187
527425110,105582.45478032844
527450280,115728.09419744779
527453060,155579.83829177014
527453140,149105.60959379302
527455050,154446.92995668226
527455080,146311.3054066137
527455090,124844.73836736642
527455280,126074.0961054268
528102040,366415.22923550406
528102140,435688.23940631596
528108040,384423.0835604491
528112040,341545.5492293526
528116010,333795.1911631499
528118060,376922.0397028064
528120030,357678.6360687218
528138010,362670.8329460701
528142040,372418.5566866486
528142090,318610.26084168453
528142130,303197.3835110895
528168030,300294.27850376174
528174050,223549.45422055657
528174060,226998.70529344954
528218090,187383.81862957825
528220040,172938.9228219418
528228295,226273.93863511097
528235010,190987.87197093526
528240060,194118.20480172575
528250020,198663.50955454778
528250040,182884.03097529817
528275070,217439.8974338136
528280230,209389.94351850598
528290030,173320.0833657314
528290120,179065.92720943072
528290180,174783.75661490182
528292030,257505.55949696532
528292070,229934.3221543222
528294050,169721.91144182987
528344040,315094.06116515433
528365070,307601.396833849
528431020,237499.46184477484
528435050,258370.78273309115
528439060,242116.45001220985
528441020,218783.6267313392
528441090,389280.7810547374
528456180,217340.8463861405
528456220,196026.5621577872
528458060,191432.26935557323
528458180,210915.3720366771
528477070,270927.9040594031
528480040,243563.44418581855
528480130,205688.76575870768
528482040,270621.39843515924
528490070,196361.09485257883
531363050,135934.5698055356
531375040,170294.47436069054
531375130,161047.92411372816
531376090,204403.83255315534
531379050,221068.3399641934
531385020,189220.47268658056
532353020,114910.54638370145
532354230,97794.48829919998
532377130,121939.10220004708
532478020,309021.4802004373
533213020,187450.23239651573
533213040,170389.21869746066
533236050,222992.55335416598
533252040,305023.65722814156
534127130,180320.512870933
534127170,180613.89924785763
534128020,218031.0894411929
534129080,193263.87459277426
534152120,169722.98268156967
534175080,240294.01210985315
534177230,215369.90092109458
534200030,103125.15662863068
534226120,112991.17042031298
534251030,171453.12705393566
534252240,171725.33561568346
534275060,125108.03367620625
534275100,103425.03601258658
534276040,118289.28240422945
534400290,167826.3001746307
534451110,104800.88451356704
534475185,172074.2004995821
534476320,110679.20669266679
535126010,219145.97053535288
535154130,151311.41482195634
535175030,183056.22846608187
535175050,157963.59696132917
535178040,114198.88818622593
535179160,117868.72876626518
535301170,153057.11641009242
535303150,120118.85555020647
535325290,100947.90523658725
535354070,113974.00531366201
535375050,137576.68342526836
535381040,157076.11770334875
535383060,38991.74308694387
535403190,155932.6000402188
535450160,56014.64833839366
535453200,121840.82747574773
535475010,157856.51886765132
535476110,143551.12565602775
902105060,121529.10934662228
902106010,147220.7956850103
902109130,94758.13063751832
902134120,99365.87899393213
902135020,83323.92076606018
902201110,114233.3353831509
902300090,45582.636598248966
902301060,107568.33290694647
902327070,186505.34112302185
902329080,149845.59784087702
902330040,190239.07260153355
902401130,166979.0664819892
902402150,85231.26807967239
902405100,145956.593921741
902406070,154673.4106377235
902477120,53701.61967166052
903201020,132347.75965077142
903202170,135540.41074843568
903226130,91204.12980451394
903230100,120439.80939809182
903231010,122671.95685733721
903236040,138982.75986006294
903400220,176933.1809887723
903427120,154257.61097639694
903475100,124037.33507676363
903476090,136141.4034023696
904100190,96572.70226684194
904301070,156953.56567348016
904301375,19755.184955958335
904351200,127161.73349396791
905200260,134448.10593525443
905200350,154021.8288531673
905325020,237745.56291972252
905451300,107912.28059844475
905452040,156481.55832973358
905475160,118471.26699641332
905478030,142728.07163679868
905480030,105973.32833626377
906201050,153704.7777691769
906223210,224822.18315716347
906226060,148962.75204217326
906226080,137528.65106906297
906226090,136226.33648084966
906226140,114667.84705175417
906340100,326925.9619973512
906378110,220934.38737228978
906380060,291411.095341708
906380100,296811.0317854759
906380220,223052.41862289392
906392130,171915.2327767639
907126050,141465.78996111325
907131090,204517.55401388614
907131190,197654.1530448635
907135040,140371.3579579548
907135170,129815.75930544623
907185050,192648.0270345085
907192030,191904.18675455358
907194110,189631.6561751187
907196060,206000.8578618995
907202130,137648.24760525452
907227080,116001.29769381035
907227110,116653.96369110339
907252060,237100.59494325542
907252220,263671.1022727799
907265010,201584.85651997122
907275090,207733.48753958833
907285020,243549.83836069176
907285050,191999.45064980187
907290070,178235.78916881382
907412020,195697.42816687076
907414080,178697.42742744522
908102050,113501.37681734085
908152100,153616.9384133128
908154040,330443.9856213231
908225370,98505.24296385112
908229020,92125.43180692862
908275040,113262.20172636637
908275110,143796.15978447383
909101010,126940.01900722185
909101140,142866.0949197051
909129090,112249.89187177406
909179020,235647.42354219707
909251170,156485.22374545026
909253180,149606.4981003271
909279010,198886.54909169785
909282130,128742.93909664768
909427200,149739.50383664915
909451040,119216.39878000203
909451140,129419.17534077572
909451180,131891.70516391384
909452050,186085.7430254847
910204050,165044.92849159916
911104060,49711.66667153775
914475010,138728.06216515144
914475030,191802.14995037537
914476020,130110.17296443024
916386140,214265.68095463805
916403010,183570.08683365968
916403250,234167.44683406298
916460110,211977.05424035317
916475040,346888.6789669534
923203110,196234.20196707878
923225360,84705.2873809073
923225490,98205.16554176521
923227080,157303.98871024913
923275040,159500.6869261606
923276260,134240.1714848954
923400025,158347.24864854215
526351030,191965.50719548203
526353050,224205.7592209941
526354070,204792.73527744273
527106150,190068.39902465863
527127140,331101.9638607891
527140090,235062.19527667278
527145090,225080.0762108757
527165010,190018.55615684798
527183060,225843.1705681515
527214030,372370.7294783951
527226020,146376.93919579886
527252080,339209.36470421014
527302050,185756.60512828632
527357110,132179.20900993608
527380240,284152.4615701557
527402060,171076.18530464196
527450110,113177.66764464426
527450520,126761.18801934998
527451060,108335.42254823745
527451290,102744.40882311184
527451400,99566.38105731539
527451550,117186.56358005808
527452150,155041.43016565233
527455270,90132.09819918887
528104080,406358.8842349847
528110110,411116.5982807099
528118030,408869.20805933775
528142020,274662.2800960635
528166120,417249.9325939321
528178090,348538.5375304206
528186080,336478.9126956068
528228345,229821.09454188947
528228445,198064.24013343256
528235120,185278.32732979752
528240050,195667.50254263927
528280130,193718.4153791843
528326030,297470.24902511813
528363020,307408.81799996283
528363110,333732.94521017605
528387050,274358.3948518982
528431080,220092.3538690865
528431120,246156.82927733997
528458050,208389.65020562112
528462040,188865.58683006422
528478030,270334.40454579145
528478040,231277.4628195368
528490080,190612.92908462763
531363060,157984.19183551255
531373060,198328.17021220998
531375120,166799.78000500193
531376010,176190.69086227703
531382110,189565.4278898107
531382120,215867.80547711448
531450030,196043.0516581853
531450170,185639.34844365495
531452140,160888.02622061982
532351050,100626.49149408599
532353050,126678.80401752569
532376170,105638.93763508686
533206050,185016.3460374845
533208080,165278.11071691092
533212050,160316.34886083176
533212140,167901.36173095938
533212150,168251.25188150842
533215020,267782.7681690417
533215070,262083.755135499
533215080,268483.17968565907
533217050,174090.33588153298
533234020,212197.4984850613
533350090,304965.52604011755
534126090,198802.49960780458
534127230,184999.4522225767
534128050,183137.9192406788
534129060,211885.6080564229
534175140,139940.38898520003
534202130,151297.32111508827
534225110,132982.46250422084
534225120,138637.0813185263
534250010,143231.54483873793
534403100,163975.37029718928
534428020,109922.49743675637
534428100,142211.9375648001
534453140,70563.92017053478
534477090,143461.9137468959
535105030,136830.7141554894
535126140,217762.40658979013
535150210,126486.21580113517
535151160,141047.35789685245
535179060,194101.08921500412
535302140,108917.62198177949
535305160,83844.473293899
535327230,127192.60768638141
535375160,100280.27468352123
535402120,181966.0621109177
535451010,111715.12037106913
535451050,113977.01983631158
535451230,105077.92288703378
535453210,128014.08093413486
535455080,116786.12041036334
535455090,110924.3670828077
535456100,95369.61424920053
535475020,167513.11938695435
535476370,187627.91050780335
535477090,106333.66700071727
902100030,80843.11236633697
902103150,128221.06762286721
902105010,89486.84184502941
902105020,242556.99309457015
902105130,60934.60515419558
902107030,127027.47848496455
902306120,135787.17525255462
902306130,177179.53276026307
902406020,123195.66650380696
902427150,91959.72761431115
903201030,112628.73945040518
903204095,74535.96006981659
903206070,127809.92659318261
903225160,116159.79565088688
903226060,159935.55297414312
903226150,107360.4083006139
903228040,143718.02923063768
903230110,105072.33072273583
903232030,88566.31023554677
903234090,139456.79403012284
903400180,185395.53724203192
903401020,168019.87627011616
903453050,133299.84486670655
903454100,167639.7451193045
903455030,116757.71104116055
903455140,121238.93771495631
903456130,124520.16417003269
903484020,126961.15414618162
904100160,116384.86488842816
905104080,100944.12616976802
905202230,183227.42266824504
905300020,149650.3361972736
905401045,207076.98106480675
905426030,178043.9576733445
905452120,140000.79984366606
905477050,117229.96517244697
905479110,116520.34697439721
906223140,217866.1656556941
906380030,234729.9047479935
906412010,404834.49259515107
906420130,233741.38545504698
906424010,237030.07837863287
907135260,129963.9150907469
907192130,212890.8402040894
907196050,209028.31735143723
907201060,137186.10515640434
907227300,110140.74012344558
907251090,241129.33447274036
907255020,251228.9406000225
907255060,291432.2882667788
907285080,209824.74948738114
907290150,148222.63901407868
907295020,203743.56190499372
907405020,214892.6161117852
907418010,219124.3514462139
908103280,155053.40464496982
908128050,136070.3586621097
908151040,153024.1181435063
908186040,145176.1058048617
908201120,98222.90226402746
908225170,78911.42724643282
908250040,112034.69105052929
909101180,126991.95215011967
909131170,147023.89331896178
909250230,191514.83984465472
909275050,135170.956432131
909276170,142512.93132864108
909281110,193681.11102595544
909425085,239351.0104753594
909428190,208169.22352835856
909451150,161389.74804453336
910200080,117122.99445060702
911102090,102923.20989152917
911102170,67103.27560795593
911370490,298781.41367931385
914476010,175682.71919177286
914476450,182368.88535294044
916125425,315402.85741688684
916380060,269027.7010750443
916403230,199553.26125186274
916460060,232296.85613755995
916477020,287585.1651415474
921126030,243706.2856712715
923202005,207658.94956110156
923203140,191129.8429815355
923225080,123931.63774792926
923225370,94816.11123111239
923252100,118070.54029799488
923277040,138001.48311952254
923426010,120049.45971853519
924100020,171574.20621517542
526352080,191315.67311859288
526352090,179223.27337128326
527110120,167161.2753064685
527158090,168939.52134123622
527162090,166698.81833154857
527163080,164743.6919191893
527165100,173021.4478840654
527175130,157736.65273091037
527182170,246160.76931561832
527184020,217977.4861419764
527210060,345438.93562228396
527226040,192084.08966130365
527252050,328359.9515500223
527252070,264716.66567856306
527301080,195859.6136088653
527302090,217995.687331907
527325110,221714.39380108457
527328020,145742.72933643096
527359010,190533.90648435717
527359080,203875.6037916875
527402240,194125.45812537413
527404100,98258.4525730924
527425140,99517.07589409179
527450220,150446.2469637863
527451170,149320.91315080624
527455030,148006.39211995772
527455250,113910.3648064602
528102120,297755.14585252246
528104010,328309.3003048388
528106040,381711.18492379173
528108160,308012.94239233236
528110070,299932.3824485191
528110100,380873.86368325615
528112150,268022.268800528
528118040,390552.61868285504
528120150,324286.6905221221
528144050,360227.64817010285
528150040,352445.7661202129
528168040,322623.5343953878
528172050,268813.3734578854
528172075,262906.09284707654
528174010,218338.7801097208
528181080,238181.93637640955
528186050,334174.7636655348
528186090,333161.26350892585
528186120,337317.07865605876
528188160,243812.21588808717
528218020,176898.86503636237
528222060,170719.92107068445
528222090,182079.117394303
528231010,238204.29657183454
528235000,191193.14864319278
528235160,208459.27410207366
528235170,204420.7886475613
528290170,185649.68355230385
528320050,479587.49163390603
528327060,446811.37923838
528354110,304514.63503421133
528429090,317508.75697419455
528431030,217852.37178789396
528431040,370795.11252276064
528431110,277547.67997994757
528435070,238434.26860418334
528445020,221221.5368380528
528456190,194278.52869672232
528456230,182343.95141023234
528458080,218152.8120358012
528458130,287488.2348935766
528477020,228449.45804293331
528482010,241098.60136530575
528482090,261049.7392189632
531375140,155692.01670885168
531451150,136528.2907650398
532378240,100818.20956077821
532479050,135326.5277370091
533120030,369465.33766094013
533130170,312995.0583399979
533208040,189983.42170423223
533208070,165549.59771935223
533213130,170405.32986891564
533236040,196137.46255102337
533242090,287638.4047959889
533250190,237260.077178426
533251110,315196.59315813193
533251130,187080.73558765854
533254130,186936.07508189438
534104090,216301.3036664083
534125120,152752.17020468097
534178010,129503.11506172422
534201040,124042.69284378563
534202030,128183.92115097187
534252110,109288.80343089289
534275170,-40454.94322719521
534276180,127000.220541647
534278170,133910.51875567215
534278190,98086.48525259807
534403290,212953.39955713123
534403420,140283.4907077676
534425080,188844.45925971708
534429030,90829.4826832561
534431020,129013.7519469474
534450090,-6668.8627234874875
534453080,110665.51518174428
534475170,182546.3161109523
534478140,141139.66420316102
534479120,116517.01610882606
535101150,136960.7047711706
535105110,169344.9677394628
535106180,128045.4753648754
535151100,128947.28102066877
535151110,153757.71061691182
535152060,116603.18127560616
535177110,188509.72800760376
535181030,186572.90977089864
535181140,137872.61368422152
535302070,123724.95974453057
535327200,113861.62324831205
535353160,112271.43508202299
535354050,118904.55391005622
535375130,94774.72214777075
535378080,145951.7167990238
535379110,126055.2598811656
535382150,106985.5584723097
535450220,121652.02239435792
535451040,105694.10404663994
535451110,134077.7421929582
535452060,127711.11052334141
535453080,130735.16427341243
535476360,210093.37082645486
535477130,141863.01724837793
535478040,107592.86198033659
902105110,136013.01500236898
902106070,125253.89496897295
902110010,90333.882472035
902202070,122450.19317049957
902301030,124526.90286952133
902305010,120314.30595940478
902408080,205923.57018633018
902427040,103641.2894564408
902427180,130680.02012374446
903225040,120217.7016737299
903231180,122790.34228991567
903232100,126580.06728787361
903426010,156494.93260051133
903453080,206877.21883614673
903454010,123010.01515939194
903454090,139265.86566993283
903458060,116955.86098551357
903476100,81352.29022820682
904101070,261826.79675057123
904301110,108185.28517319664
904302010,108379.31482502904
905100080,159847.94529316464
905102010,142273.58087886556
905103110,114165.47859738664
905105040,92779.7894983925
905107140,148189.36946729303
905201080,138527.60044488052
905226080,175559.5907065953
905226170,143414.9556773891
905301050,302972.24304891936
905376090,147714.32923997598
905478140,138109.9675896854
905478220,141671.72175728125
905480090,84207.76100209726
906201022,190730.03296643475
906201023,243957.16570556836
906201200,260649.0380892994
906380040,241538.69881548826
906380120,200029.74896923374
906380160,191765.0383705519
906394050,170887.4716036651
907125040,133456.29539698712
907125120,109829.65211370421
907135180,105435.49325062205
907180040,195497.68994428965
907187040,207725.00925433068
907192120,215629.8956472081
907192150,198381.55468398822
907202220,111866.87206204995
907203060,111121.61251393748
907260040,198043.5869390484
907275080,225436.7611390869
907290140,148756.03900518265
907295040,220746.0642716882
907410020,181331.1232714522
907414060,194524.63624039077
907420060,184608.5993248855
908102100,153043.76778359787
908127070,142279.3033597828
908152070,160172.67775593768
908152280,172737.9797278114
908154205,544522.9767265028
908225240,88613.85100170375
908225310,89933.22809036671
908226180,66961.24374491641
908250100,94493.33157586357
908275090,105675.3144607143
909252010,169209.18507545398
909252170,125562.50642492404
909275110,190140.50961270242
909276210,127701.88161132667
909281020,134169.3864691598
909428180,192566.14066599507
909455060,166479.43654216852
910201020,74257.06290723803
910201180,167533.12211640578
910205130,124537.69877379655
910206010,44651.90499408558
911128010,122882.24055059603
911370460,262004.39959111824
914452090,181890.48987260263
914452190,136977.6084615136
916384070,247903.49651145918
916384150,230692.72100144008
916403040,189575.9813048371
916455010,216192.34958175712
916455150,289811.2216928102
916460020,199582.47046179775
917425190,217221.87337937328
921205070,266258.95263121283
923202134,120488.65642749466
923202220,171019.796398266
923204140,135271.37461511637
923225050,146184.95638887573
923228220,92041.84960103879
923229010,143691.6255368588
923230180,127385.82024276943
923251160,133629.24196428957
526302040,165917.0732325252
527108020,227333.89781324862
527166030,182169.56181485832
527182020,198739.2349708405
527190220,259347.8233861136
527210040,436143.17590627924
527210050,340860.2957031346
527216050,400418.3690910864
527252090,319563.77953798143
527254070,306391.1361955042
527327080,179581.39750818847
527356020,257735.5516267054
527375160,196722.2896762051
527376110,191194.73665488482
527402210,128590.25116920436
527403120,71393.67809598385
527427210,194336.12938437582
527450080,145950.8528423016
527452290,140963.13688472152
527453070,150103.24805002328
527455100,146032.80986489228
528106010,352886.45767569426
528106120,271956.0899630304
528116030,353266.7621151303
528118010,333991.1706969759
528120140,366322.43840818113
528142070,367609.912489347
528144030,315017.22498941736
528150080,344407.94005943084
528172020,304016.90079750586
528181030,225968.9255250667
528181040,225726.64017735375
528186110,314059.06696436444
528218060,176222.0318316285
528218080,185200.6840264257
528218140,221636.2661252275
528221010,174277.86943777758
528222020,186423.3927932493
528228360,205256.61620147974
528228565,199865.18322710737
528231050,178126.25264609605
528240080,229265.84848794658
528275060,173903.2061215138
528275080,193591.87806746343
528280100,200637.3354158595
528290140,190056.3389349671
528294070,223812.2214860704
528315070,290679.2559625823
528320060,469686.96742526686
528358030,323071.993325174
528365090,310083.0745842975
531375070,152368.96324888687
531375100,173485.65241752416
531450040,173240.89941156897
531452100,158802.72100204928
532353180,157597.0920655177
532376180,99917.42095334592
532476050,248090.32457575563
533110130,281685.5234816346
533128030,265958.54107933235
533128090,281465.6453603451
533212100,158935.7285699185
533212110,159336.26455438772
533223080,183471.48834896568
533241010,182665.62266480512
533242030,204606.7357129644
533252020,163527.5423417562
533253090,185813.05858044754
533253160,181750.7712040094
533350050,340021.37992869463
534127190,272142.6922877382
534129230,190111.9724994279
534176250,149435.68178600154
534201280,131237.4820711141
534202180,140592.8782974615
534250300,190332.89475531023
534276230,150032.32447356745
534403280,153923.95162163276
534403440,139274.60634860405
534453150,117771.17410154296
534479240,141813.40432363385
535125060,233939.2645502614
535150240,108464.60734900729
535150300,247106.0925809854
535151130,140331.22840097616
535178100,158150.70617355153
535179050,136904.11731157236
535301150,153903.62127660034
535304020,120238.5338075459
535305120,165882.64850219636
535325460,230496.12002664397
535353180,252197.05309055652
535354130,138085.2077981354
535355100,130673.00198333949
535380130,114960.51865462407
535381060,85813.70759329946
535402100,144134.96872477184
535403150,151259.84630736738
535404080,109856.42849008403
535425040,214126.6450642823
535451190,116533.2455123858
535454030,57345.88559715825
535478010,113468.29874768625
902100130,78645.68778590596
902104020,151378.87198637243
902106040,204345.687195891
902110120,117030.0962619616
902128100,124851.72271403403
902325050,169856.9794330471
902325160,83629.9139435603
902329070,114307.53905359711
902329090,184044.87089783224
902456015,48395.69850838781
903200050,66577.19725730056
903231190,98833.42617417502
903232170,65783.40350771604
903235020,78949.48063062875
903236200,97675.76721410794
903400030,77108.8490097285
903455090,125297.3595611619
904100090,161022.94327152675
905100030,130363.78054204417
905200380,95450.85741506166
905201090,165326.8663241296
905351045,221040.24638546995
905426100,217996.22174948148
905451050,177103.76932176927
905452150,133132.31143500918
906204180,259631.86467139388
906223180,221179.38894826116
906225180,218634.55090766872
906380150,183808.23393726913
906392120,304451.8138596088
906394010,206778.55041599678
907125020,122558.86120735953
907175030,221710.09827310452
907187010,218647.64428487487
907192010,221962.1416571141
907194130,204423.19648383226
907201160,143994.81672784212
907203010,109895.09142336901
907227090,115549.68606855015
907230240,146360.5263585964
907290080,223862.44015277503
907290260,261103.98686077737
907410100,188602.04466272978
907410110,216685.68327188672
908102320,169250.8652875038
908103320,150428.2529149069
908127050,133599.26243109003
908186090,144627.1523926497
908188120,186849.49814477764
908188130,175516.18017277904
908227040,58003.22170837494
908228040,117508.38112243579
909101050,122154.29576261413
909101190,120813.84201406184
909201180,131674.14527101134
909250200,135770.43316190114
909254070,159924.79846772877
909275250,136363.6336295037
909281010,209863.420849771
909425120,227155.18290600862
910203230,69874.9531413194
910207110,91712.33679127334
910226060,149593.65500905723
913350030,205678.00249072074
914452060,151902.3598407855
914474020,231054.71453718428
914476050,141936.31942459606
914476500,201487.6334283965
916402125,180379.30781093784
916403020,223031.75373268998
916475100,304035.7733333801
916477010,310268.9595521351
923125030,80615.99404193551
923203090,195776.6214816723
923205120,127080.88316148258
923225240,134350.29748615666
923227100,138643.4104323357
923228310,82254.46197315247
923229110,164423.11219944968
923250060,154603.63303287627
924100070,162570.74661621358
